[ 4154644406203621|05|2028|725
4154644406254020|02|2030|216
4154644406221649|03|2023|138
4154644406299686|06|2023|821
4154644406251802|10|2026|635
4154644406272873|12|2023|598
4154644406270208|05|2023|626
4154644406296252|08|2026|267
4154644406240219|10|2024|966
4154644406267543|06|2028|564
4154644406244138|09|2024|634
4154644406288390|08|2028|859
4154644406299736|03|2026|417
4154644406204561|09|2030|669
4154644406290859|11|2026|282
4154644406277138|08|2029|631
4154644406237462|07|2023|299
4154644406242975|03|2027|315
4154644406278136|08|2028|767
4154644406215872|02|2023|345
4154644406279324|04|2029|317
4154644406208554|01|2028|135
4154644406265604|06|2028|608
4154644406240714|01|2028|787
4154644406277070|11|2024|645
4154644406202151|05|2027|167
4154644406292822|05|2029|144
4154644406210659|05|2028|632
4154644406218975|07|2024|237
4154644406245762|02|2029|697
4154644406275983|04|2025|062
4154644406295783|04|2024|759
4154644406217324|07|2026|947
4154644406215393|03|2028|058
4154644406249517|12|2023|018
4154644406201591|04|2025|756
4154644406244526|10|2026|852
4154644406283821|04|2024|252
4154644406207176|05|2030|596
4154644406200767|01|2029|656
4154644406210345|09|2030|429
4154644406275934|09|2028|071
4154644406286030|05|2023|475
4154644406240144|06|2023|009
4154644406253816|09|2030|020
4154644406222845|04|2025|700
4154644406256090|04|2023|660
4154644406231135|07|2027|501
4154644406288077|08|2028|065
4154644406268988|06|2028|775
4154644406230566|03|2023|086
4154644406268566|09|2029|123
4154644406271842|03|2025|456
4154644406264201|01|2023|585
4154644406256066|07|2026|720
4154644406227711|06|2029|886
4154644406202920|06|2026|493
4154644406260126|09|2026|151
4154644406287046|09|2029|793
4154644406238346|08|2027|238
4154644406229832|12|2025|790
4154644406274374|04|2024|398
4154644406285321|11|2026|064
4154644406268178|07|2027|367
4154644406283763|09|2026|528
4154644406253444|08|2027|260
4154644406291790|11|2030|970
4154644406250135|01|2024|212
4154644406246604|08|2026|628
4154644406272881|10|2028|067
4154644406206327|07|2023|208
4154644406273632|05|2025|801
4154644406258971|12|2028|278
4154644406282740|08|2024|872
4154644406229972|09|2026|413
4154644406298530|04|2024|242
4154644406275983|01|2025|521
4154644406231556|12|2025|903
4154644406244567|04|2028|402
4154644406271917|11|2026|834
4154644406218751|12|2030|695
4154644406274390|02|2027|274
4154644406271511|04|2030|949
4154644406244922|09|2023|711
4154644406248527|10|2025|748
4154644406222381|10|2025|586
4154644406291626|01|2024|197
4154644406203589|04|2030|791
4154644406282419|03|2025|718
4154644406212283|05|2025|652
4154644406266222|08|2023|225
4154644406214842|06|2025|119
4154644406208752|06|2030|721
4154644406260183|04|2028|771
4154644406245259|06|2030|782
4154644406221979|04|2024|915
4154644406227109|11|2030|263
4154644406224411|06|2029|755
4154644406212994|06|2025|125
4154644406276767|04|2023|633
 ]
